A =

   0   2   3
   1  -2   1
   1   0  -2

b =

  -1   1   1  -1
  -2  -2   2   2
   5   5  -5   5

A =

   1.00000  -2.00000   1.00000
   0.00000   2.00000   1.50000
   1.00000   2.00000  -6.00000

b =

  -2  -2   2   2
  -1   1   1  -1
   5   5  -5   5

x =

   2.33333   3.00000  -2.33333   3.66667
   1.50000   2.00000  -1.50000   0.50000
  -1.33333  -1.00000   1.33333  -0.66667

resMax =

   0   0   0   0


