difDiv =

   0.472135954999580  -0.090584848865607   0.029258747810275  -0.010195054998744
   0.426843530566776  -0.068640788007901   0.019063692811531   0.000000000000000
   0.392523136562826  -0.054343018399253   0.000000000000000   0.000000000000000
   0.365351627363199   0.000000000000000   0.000000000000000   0.000000000000000

ans =

 Columns 1 through 5:

   1.000000000000000   1.000000000000000   0.472135954999580  -0.090584848865607   0.029258747810275
   1.250000000000000   1.118033988749895   0.426843530566776  -0.068640788007901   0.019063692811531
   1.500000000000000   1.224744871391589   0.392523136562826  -0.054343018399253   0.000000000000000
   1.750000000000000   1.322875655532295   0.365351627363199   0.000000000000000   0.000000000000000
   2.000000000000000   1.414213562373095   0.000000000000000   0.000000000000000   0.000000000000000

 Column 6:

  -0.010195054998744
   0.000000000000000
   0.000000000000000
   0.000000000000000
   0.000000000000000

erro =

 Columns 1 through 4:

   0.00000000000000e+00   6.73970982911776e-06   1.19732625483149e-05   1.58868331501250e-05

 Columns 5 through 8:

   1.86515689324374e-05   2.04244620318761e-05   2.13491758909168e-05   2.15568286032752e-05

 Columns 9 through 12:

   2.11667358529510e-05   2.02871159649121e-05   1.90157594082141e-05   1.74406649084968e-05

 Columns 13 through 16:

   1.56406441900181e-05   1.36858972175080e-05   1.16385596737878e-05   9.55322429652128e-06

 Columns 17 through 20:

   7.47743758133801e-06   5.45217326619607e-06   3.51228389616765e-06   1.68693171276324e-06

 Columns 21 through 24:

   0.00000000000000e+00   1.52951403342705e-06   2.88712383511580e-06   4.06249461004649e-06

 Columns 25 through 28:

   5.04910007270709e-06   5.84389400648533e-06   6.44699587382114e-06   6.86138973993167e-06

 Columns 29 through 32:

   7.09263583020814e-06   7.14859407890955e-06   7.03915906519192e-06   6.77600576914905e-06

 Columns 33 through 36:

   6.37234561318145e-06   5.84269228243173e-06   5.20263685199751e-06   4.46863177083756e-06

 Columns 37 through 40:

   3.65778328204058e-06   2.78765187800012e-06   1.87606041324173e-06   9.40909521629507e-07

 Columns 41 through 44:

   0.00000000000000e+00   9.29138164851295e-07   1.82941041870777e-06   2.68431620664700e-06

 Columns 45 through 48:

   3.47810174683438e-06   4.19590727340768e-06   4.82390898648433e-06   5.34945594576897e-06

 Columns 49 through 52:

   5.76120211981390e-06   6.04923380165268e-06   6.20519259175722e-06   6.22239412884085e-06

 Columns 53 through 56:

   6.09594274814107e-06   5.82284224392993e-06   5.40210288413334e-06   4.83484484492536e-06

 Columns 57 through 60:

   4.12439819674759e-06   3.27639959407655e-06   2.29888578928694e-06   1.20238410916684e-06

 Columns 61 through 64:

   0.00000000000000e+00   1.29249823066502e-06   2.65659737386237e-06   4.07095987542405e-06

 Columns 65 through 68:

   5.51134688753230e-06   6.95054371879777e-06   8.35828759737645e-06   9.70119765342226e-06

 Columns 69 through 72:

   1.09427070451584e-05   1.20429971410818e-05   1.29589336903546e-05   1.36440049016695e-05

 Columns 73 through 76:

   1.40482613677495e-05   1.41182577635401e-05   1.37969962563655e-05   1.30238715683184e-05

 Columns 77 through 80:

   1.17346176276012e-05   9.86125576440955e-06   7.33204437719515e-06   4.07143004332866e-06

 Column 81:

   0.00000000000000e+00

ErroMaxInter =    2.15568286032752e-05
nMaclaurin =  4
erroMaximoMaclaurin =  0.212061704562903
