% Autores
% Joao Marcus Alves (07132067) 
% Evandro  Coan

octave:1> main

xInicio =

 Columns 1 through 9:

    0.80000    3.40000    6.40000    9.50000   12.60000   15.70000   18.90000   22.00000   25.10000

 Column 10:

   28.30000

xFinal =

 Columns 1 through 9:

    0.90000    3.50000    6.50000    9.60000   12.70000   15.80000   19.00000   22.10000   25.20000

 Column 10:

   28.40000

raiz =

 Columns 1 through 9:

    0.86033    3.42562    6.43730    9.52933   12.64529   15.77128   18.90241   22.03650   25.17245

 Column 10:

   28.30964

octave:2>